
Equipo         : CLASIFICADOR_ESPIRAS_04 
Lugar          : -35.5183, -58.2964      
Descripcion    : RP20 Ranchos            
Fecha Inicio   : 14/12/24 00:00:00       
Archivo        : REG00165.TXT            
# Esclavos     : 1                       
    Esclavo   1: ESCLAVO 1 DEFAULT       
        VIA 1  : Chascomus -Ranchos      
        VIA 2  : Ranchos - Chascomus     
                                                                                                                         

hora (hh:mm:ss)
|        esclavo (1-2)
|        | sentido(0:mano 1:c.mano 2:A 3:B)
|        | | via (1-2)
|        | | | velocidad (Km/h)
|        | | | |   longitud (cm)
|        | | | |   |    desviacion (%)
|        | | | |   |    |
|        | | | |   |    |
|        | | | |   |    |
|        | | | |   |    |
V        V V V V   V    V
                                                                                                                                                            
00:00:13 1 0 2 057 0518 0.57
00:03:52 1 0 1 083 0605 0.59
00:04:42 1 0 1 066 0529 1.44
00:05:08 1 0 2 057 0529 1.26
00:07:43 1 1 2 087 0254 0.09
00:07:43 1 0 1 086 0462 0.54
00:14:42 1 0 2 038 0583 0.87
00:15:35 1 1 2 074 0261 0.08
00:15:35 1 0 1 075 0484 0.55
00:16:46 1 0 2 070 0474 1.65
00:19:21 1 0 1 091 0501 0.96
00:20:44 1 0 1 090 0499 1.17
00:21:44 1 0 1 089 0531 1.04
00:22:24 1 0 2 043 0580 0.60
00:24:35 1 0 2 076 0401 0.89
00:27:42 1 0 2 058 0507 1.32
00:31:04 1 0 1 082 0420 0.50
00:32:23 1 0 1 074 0468 0.98
00:34:29 1 0 1 085 0557 0.62
00:37:16 1 0 2 083 0479 0.51
00:38:56 1 0 1 075 0524 0.89
00:45:44 1 0 1 068 0541 1.19
00:46:26 1 0 1 067 0484 1.20
00:48:01 1 0 1 078 0502 1.19
00:53:48 1 0 1 063 0563 0.67
00:54:08 1 0 2 064 0563 0.41
00:55:30 1 0 2 072 0519 1.08
00:55:30 1 0 1 102 0533 1.32
00:55:46 1 0 1 056 0507 1.14
00:56:45 1 0 1 073 0518 0.99
00:59:06 1 0 2 025 0430 0.79
00:59:13 1 0 1 053 0587 0.74
01:00:32 1 0 1 045 0530 1.31
01:01:40 1 1 2 063 0209 0.06
01:01:40 1 0 1 063 0426 0.81
01:02:44 1 0 2 071 0517 1.39
01:03:52 1 0 1 072 0478 1.07
01:06:15 1 0 2 084 0467 0.86
01:08:37 1 1 2 097 0336 0.08
01:08:37 1 0 1 096 0573 0.55
01:09:41 1 0 1 080 0558 1.40
01:12:33 1 0 1 055 0487 1.26
01:13:52 1 1 2 075 0335 0.07
01:13:52 1 0 1 075 0558 0.86
01:16:47 1 0 1 052 0533 1.00
01:19:11 1 0 1 060 0488 1.03
01:21:58 1 0 1 061 0484 0.92
01:23:51 1 1 1 087 0330 0.21
01:23:51 1 0 2 086 0404 0.25
01:25:53 1 0 2 071 0666 0.79
01:28:30 1 0 1 088 0644 0.72
01:39:35 1 1 2 072 0266 0.06
01:39:36 1 0 1 072 0471 0.68
01:42:12 1 0 2 104 0509 1.31
01:44:59 1 1 1 111 0389 0.11
01:44:59 1 0 2 112 0511 0.74
01:47:20 1 0 1 076 0562 0.87
01:47:36 1 0 2 058 0536 0.99
01:52:15 1 1 2 063 0361 0.29
01:52:15 1 0 1 063 0454 0.43
01:55:09 1 0 1 068 0451 1.04
01:56:29 1 0 2 058 0460 1.12
01:56:32 1 0 2 089 0468 0.98
02:02:42 1 0 2 051 0442 1.22
02:04:55 1 1 2 087 0242 0.09
02:04:55 1 0 1 089 0434 0.39
02:11:14 1 0 2 053 1194 0.50
02:11:30 1 0 2 073 1975 0.51
02:11:45 1 0 2 057 1936 0.55
02:13:16 1 1 2 056 1085 0.16
02:13:16 1 0 1 055 1304 0.94
02:13:35 1 0 2 065 1985 0.53
02:13:55 1 1 1 059 0665 0.10
02:13:56 1 0 2 058 2011 0.38
02:16:13 1 0 2 045 1940 0.38
02:16:13 1 3 1 000 0000 0.05
02:20:02 1 0 1 055 0475 0.53
02:27:40 1 0 2 080 0556 0.62
02:45:25 1 0 1 061 0408 0.77
02:46:38 1 0 2 095 0507 1.50
02:46:44 1 0 2 085 0515 1.32
03:07:05 1 0 1 064 0526 0.66
03:09:39 1 0 1 049 0452 1.21
03:13:18 1 1 1 074 0236 0.07
03:13:18 1 0 2 076 0446 0.52
03:19:09 1 0 2 082 0560 0.64
03:31:48 1 0 1 064 0467 0.53
03:32:11 1 0 2 057 0536 1.24
03:32:13 1 0 2 055 0459 1.45
03:32:14 1 0 2 056 0492 1.29
03:36:36 1 0 1 066 0563 0.55
03:37:28 1 0 2 085 0488 0.97
03:41:03 1 0 2 106 0594 0.89
03:43:26 1 0 2 080 0472 0.89
03:46:09 1 0 1 130 0549 0.19
03:58:51 1 0 2 056 0534 1.30
04:02:12 1 0 2 055 0469 1.18
04:04:32 1 0 1 096 0513 0.57
04:14:25 1 1 2 077 0249 0.07
04:14:25 1 0 1 078 0485 0.71
04:23:17 1 0 2 048 1956 0.55
04:24:02 1 0 2 041 1913 0.62
04:34:41 1 0 2 066 0490 1.14
04:35:27 1 0 1 034 0474 1.03
04:41:36 1 0 2 059 0476 0.94
04:48:23 1 0 2 062 0504 1.40
04:50:55 1 0 1 060 0518 0.76
04:50:56 1 3 2 000 0000 0.06
04:58:03 1 1 2 055 1323 0.17
04:58:03 1 0 1 055 1530 1.41
05:00:29 1 0 1 048 0474 1.35
05:00:45 1 0 1 055 0475 1.25
05:14:36 1 0 2 065 0482 1.27
05:23:22 1 0 2 094 0597 0.91
05:31:58 1 0 2 066 0467 1.30
05:32:37 1 0 1 082 0470 1.08
05:46:04 1 0 2 084 0478 0.85
05:49:19 1 0 1 069 0503 1.42
05:50:28 1 0 1 070 0520 1.27
05:53:09 1 0 1 074 1411 0.52
05:55:28 1 1 2 092 0214 0.05
05:55:28 1 0 1 091 0475 1.00
05:55:44 1 0 1 060 1826 0.46
05:57:12 1 0 1 064 1965 0.54
05:58:31 1 0 1 088 0487 1.06
06:01:04 1 0 2 062 0511 0.48
06:05:30 1 0 1 110 0527 1.08
06:09:20 1 0 1 089 0690 0.98
06:10:04 1 0 2 060 0560 0.50
06:14:55 1 0 1 081 0545 1.15
06:15:25 1 0 2 078 0530 0.95
06:17:49 1 0 2 060 0507 1.19
06:20:45 1 1 1 076 1204 0.07
06:20:45 1 0 2 077 1542 1.64
06:21:52 1 0 2 054 1285 1.56
06:23:32 1 0 1 081 0504 0.34
06:25:25 1 1 2 117 0280 0.06
06:25:25 1 0 1 117 0521 0.99
06:28:46 1 0 1 090 0600 0.87
06:32:43 1 0 1 047 0450 1.30
06:33:09 1 0 2 100 0471 1.01
06:33:20 1 0 1 069 0797 0.54
06:33:52 1 0 2 096 0554 0.54
06:34:58 1 0 2 051 0515 1.55
06:35:10 1 0 2 056 0513 1.37
06:36:15 1 0 2 062 1173 0.99
06:38:53 1 0 2 056 0685 1.06
06:38:55 1 0 1 079 0605 0.39
06:39:11 1 0 2 052 0454 1.10
06:39:15 1 1 2 062 1327 0.16
06:39:16 1 0 1 061 1544 1.50
06:42:14 1 0 1 075 0470 1.33
06:42:29 1 0 2 047 1759 0.62
06:42:31 1 1 1 075 0612 0.27
06:43:44 1 0 1 080 0478 1.41
06:44:32 1 0 2 084 0491 1.21
06:46:03 1 0 1 087 0527 1.30
06:50:53 1 0 2 079 0576 0.63
06:53:10 1 0 1 091 0447 1.13
06:53:26 1 0 2 069 0549 1.19
06:55:23 1 1 2 113 0360 0.17
06:55:23 1 0 1 114 0515 0.65
06:55:38 1 0 1 066 1860 0.70
06:56:13 1 0 1 044 0542 1.64
06:57:11 1 0 2 036 0786 0.53
07:00:05 1 0 2 075 0512 1.55
07:01:28 1 1 1 070 0382 0.29
07:01:28 1 0 2 070 0442 0.52
07:03:36 1 0 2 081 0484 1.12
07:04:38 1 1 1 055 1377 0.20
07:04:38 1 0 2 053 1494 1.22
07:05:38 1 0 1 106 0477 1.28
07:07:56 1 0 2 065 0472 1.26
07:16:22 1 0 2 064 0555 0.53
07:17:52 1 0 1 083 0575 0.45
07:18:27 1 0 2 065 0530 1.22
07:19:34 1 0 2 075 1142 0.54
07:19:34 1 3 1 000 0000 0.05
07:19:37 1 0 2 056 1865 0.47
07:20:21 1 0 2 063 0831 0.45
07:20:54 1 0 2 051 1893 0.42
07:23:53 1 0 1 049 0532 0.73
07:24:47 1 0 2 066 0483 1.14
07:25:20 1 0 2 066 0584 0.79
07:26:38 1 1 2 101 0374 0.09
07:26:38 1 0 1 101 0568 0.53
07:26:41 1 0 1 093 0679 0.94
07:26:46 1 0 1 091 0601 0.88
07:30:02 1 0 2 083 0431 0.66
07:30:27 1 0 2 057 0518 1.13
07:31:38 1 0 1 096 0479 1.08
07:32:06 1 0 1 081 0763 1.05
07:32:29 1 0 2 083 0568 0.38
07:36:43 1 0 2 052 0701 0.69
07:36:52 1 0 2 084 0574 0.74
07:37:28 1 0 1 105 0591 0.40
07:38:29 1 0 2 073 0470 0.99
07:40:24 1 0 2 097 0537 1.34
07:40:35 1 1 2 083 1305 0.11
07:40:36 1 0 1 082 1555 1.74
07:40:39 1 0 2 073 0538 1.38
07:41:16 1 0 2 095 0601 0.88
07:41:33 1 0 2 095 0488 1.19
07:41:53 1 0 2 058 0507 1.27
07:41:59 1 0 2 055 0527 1.19
07:42:36 1 1 2 101 0272 0.08
07:42:36 1 0 1 101 0508 0.56
07:42:40 1 0 1 065 0521 1.43
07:43:06 1 0 2 082 0611 0.93
07:44:41 1 0 2 065 0569 0.89
07:45:56 1 0 1 096 0594 0.82
07:48:54 1 1 2 073 0280 0.07
07:48:54 1 0 1 073 0492 0.80
07:50:31 1 0 1 086 0580 1.21
07:50:43 1 0 1 068 0503 1.14
07:52:58 1 1 1 047 0427 0.16
07:52:58 1 0 2 047 0501 0.26
07:55:50 1 0 1 097 0524 1.07
07:56:00 1 0 1 032 0579 0.99
07:57:31 1 0 2 079 0497 0.65
07:57:59 1 0 2 075 0797 0.44
07:58:01 1 0 2 074 0571 1.30
07:58:03 1 0 2 071 0596 0.92
07:58:20 1 0 1 060 0586 0.69
07:58:21 1 0 1 056 0904 1.17
07:58:47 1 0 2 019 1249 0.19
07:58:54 1 0 1 077 0472 1.28
07:59:05 1 0 2 054 0499 1.45
07:59:11 1 0 1 072 0509 1.38
07:59:34 1 0 1 076 0518 1.51
07:59:49 1 0 1 067 0835 0.70
08:00:43 1 0 2 057 0702 1.43
08:03:08 1 0 1 095 0153 0.05
08:03:10 1 0 2 070 0522 1.48
08:03:34 1 0 2 072 0542 1.18
08:04:10 1 0 2 087 0527 1.32
08:04:51 1 0 2 081 0577 1.36
08:07:14 1 0 2 052 0444 1.13
08:10:44 1 0 2 050 0570 0.87
08:11:07 1 0 2 050 0460 1.49
08:12:26 1 0 1 056 0093 0.05
08:14:45 1 0 2 075 0471 1.20
08:17:10 1 0 1 075 0794 0.66
08:17:47 1 0 2 055 1825 0.38
08:18:08 1 0 1 028 0585 0.84
08:18:26 1 0 2 084 0518 1.08
08:19:05 1 0 2 086 0464 1.06
08:20:31 1 1 2 081 0589 0.97
08:22:06 1 0 2 062 0505 1.49
08:22:38 1 0 1 108 0520 0.52
08:22:53 1 0 2 063 0514 1.10
08:23:24 1 0 1 055 0457 1.09
08:23:31 1 0 1 049 0467 1.10
08:25:41 1 0 1 070 0500 1.29
08:27:33 1 0 1 072 0510 1.15
08:27:44 1 0 1 071 0534 1.46
08:27:59 1 0 2 077 0535 0.55
08:28:19 1 0 2 083 0576 0.88
08:29:25 1 0 2 073 0450 1.12
08:31:41 1 1 2 075 0276 0.13
08:31:41 1 0 1 075 0425 0.40
08:31:55 1 0 1 105 0627 1.10
08:31:56 1 0 2 087 0512 1.15
08:32:09 1 0 2 053 0505 1.17
08:32:10 1 0 2 053 0548 0.87
08:32:12 1 1 1 064 0267 0.14
08:32:12 1 0 2 063 0395 0.62
08:33:22 1 0 2 097 0726 1.12
08:37:42 1 0 1 068 0553 0.55
08:40:12 1 0 2 080 0501 0.91
08:40:23 1 0 1 084 0548 0.76
08:40:50 1 1 2 090 0461 0.20
08:40:50 1 0 1 091 0501 0.22
08:40:52 1 0 1 066 0534 1.48
08:41:00 1 0 1 072 0856 1.46
08:41:48 1 0 1 085 0505 1.22
08:42:11 1 0 2 076 0588 0.70
08:42:44 1 0 2 074 0532 1.39
08:44:03 1 0 1 075 0502 1.39
08:44:16 1 0 2 066 0709 0.74
08:45:09 1 0 1 070 0582 0.62
08:46:57 1 0 2 046 0990 0.67
08:47:01 1 0 1 087 0596 0.66
08:47:25 1 0 1 068 0476 1.07
08:47:48 1 0 2 067 0510 1.28
08:48:36 1 0 2 099 0468 1.29
08:48:53 1 0 2 044 0456 1.27
08:48:54 1 0 2 044 0501 1.28
08:49:08 1 0 1 066 0579 0.76
08:50:15 1 0 1 045 0679 0.83
08:50:19 1 0 1 041 0484 1.00
08:50:42 1 0 2 082 0570 0.36
08:51:30 1 0 2 082 0578 1.23
08:51:44 1 1 2 080 0268 0.11
08:51:44 1 0 1 080 0457 0.73
08:52:42 1 0 1 072 0550 0.86
08:52:56 1 0 1 077 0571 0.90
08:53:10 1 0 2 073 1216 0.96
08:53:56 1 0 2 060 1992 0.50
08:54:24 1 0 2 075 0538 1.58
08:55:41 1 0 2 075 0467 1.22
08:56:16 1 0 1 110 0598 0.31
08:56:27 1 0 1 084 0515 1.30
08:58:02 1 1 1 100 0611 0.75
08:58:02 1 0 2 082 0500 0.97
08:58:10 1 0 2 037 1186 0.42
08:58:41 1 0 2 101 0544 1.31
09:00:08 1 0 2 067 0499 1.33
09:01:55 1 0 2 095 0561 1.07
09:02:25 1 0 2 061 0509 1.18
09:03:36 1 0 1 073 0498 0.78
09:03:43 1 0 2 074 0451 1.03
09:05:55 1 0 2 055 1020 0.69
09:05:59 1 0 2 063 1254 1.45
09:06:00 1 0 2 081 0453 0.54
09:06:00 1 1 1 081 0427 0.15
09:06:24 1 0 2 073 0525 1.47
09:06:30 1 0 2 073 1025 1.30
09:06:32 1 0 2 072 0496 1.14
09:06:42 1 0 2 083 0513 1.30
09:07:38 1 0 2 077 1293 1.35
09:07:42 1 0 2 078 0387 0.56
09:07:49 1 0 2 078 1093 1.01
09:07:56 1 0 2 053 0487 0.93
09:08:04 1 0 2 060 0515 1.40
09:08:51 1 0 2 055 0149 0.10
09:08:55 1 0 1 055 0500 0.59
09:09:51 1 0 1 080 0472 1.13
09:12:08 1 0 2 057 0593 0.80
09:12:18 1 0 2 062 0480 1.38
09:12:20 1 1 1 105 0276 0.09
09:12:20 1 0 2 106 0508 0.93
09:13:29 1 0 2 086 0594 0.98
09:13:34 1 0 1 035 1132 0.44
09:14:15 1 0 2 077 0585 0.98
09:14:16 1 0 1 088 0501 1.09
09:16:08 1 0 1 101 0602 0.59
09:16:38 1 0 2 073 0494 0.81
09:17:54 1 0 2 062 0478 1.26
09:19:05 1 1 1 042 0985 0.12
09:19:05 1 0 2 041 1205 1.45
09:19:28 1 0 2 068 0499 1.24
09:21:12 1 0 2 077 0457 1.28
09:21:17 1 0 1 041 0487 1.12
09:21:33 1 0 2 044 0587 0.78
09:21:46 1 0 1 081 0585 0.72
09:21:46 1 0 2 050 0664 1.02
09:22:13 1 0 2 051 0480 1.31
09:23:16 1 0 1 090 0548 1.36
09:26:36 1 0 1 062 0456 0.87
09:26:39 1 0 1 056 0453 1.21
09:27:18 1 0 2 069 0490 0.87
09:28:03 1 0 1 077 0801 0.41
09:29:11 1 0 2 084 0489 1.27
09:30:11 1 0 1 096 0505 0.81
09:32:21 1 0 2 083 0424 0.13
09:32:21 1 1 1 083 0491 0.24
09:33:51 1 0 1 074 0552 1.18
09:34:19 1 0 2 078 0523 0.60
09:35:19 1 0 2 101 0348 0.15
09:35:19 1 1 1 101 0524 0.68
09:36:27 1 0 2 047 2146 0.46
09:36:27 1 1 1 061 0496 1.34
09:36:30 1 1 1 069 0584 0.81
09:37:48 1 0 2 078 0520 0.78
09:38:01 1 1 1 082 0437 0.42
09:38:01 1 0 2 082 0427 0.37
09:38:04 1 0 2 041 0650 0.98
09:38:50 1 0 2 108 0589 0.54
09:39:06 1 1 2 084 1338 0.15
09:39:06 1 0 1 082 1559 1.33
09:39:36 1 0 1 051 0890 0.76
09:40:40 1 0 2 063 0555 0.99
09:41:00 1 0 1 064 0439 1.08
09:41:36 1 0 2 086 0512 1.40
09:41:37 1 0 2 086 0594 0.86
09:42:33 1 1 2 069 0339 0.22
09:42:33 1 0 1 070 0468 0.60
09:44:02 1 0 1 095 0600 0.83
09:44:23 1 0 2 073 0512 1.30
09:44:46 1 0 1 054 0491 0.90
09:45:46 1 0 2 062 0561 0.85
09:45:50 1 0 1 063 0532 1.09
09:47:39 1 0 1 064 0501 0.88
09:47:44 1 1 2 081 0412 0.09
09:47:44 1 0 1 081 0508 0.36
09:47:51 1 1 2 084 0285 0.09
09:47:51 1 0 1 084 0516 0.99
09:48:14 1 0 2 075 0566 0.82
09:48:36 1 0 1 056 0546 0.74
09:48:47 1 0 1 078 0484 0.92
09:49:13 1 0 2 056 0472 0.66
09:49:20 1 0 1 090 0520 1.26
09:49:56 1 0 2 095 1137 0.91
09:51:07 1 0 1 090 0559 1.20
09:51:07 1 0 2 062 0551 1.06
09:51:35 1 0 1 119 0532 1.01
09:52:42 1 0 2 085 0262 0.12
09:52:44 1 0 2 054 0520 1.53
09:53:02 1 0 1 070 0462 1.31
09:54:03 1 0 1 091 0552 1.31
09:54:56 1 0 2 058 0562 0.73
09:54:59 1 0 2 072 0585 0.95
09:55:05 1 0 2 088 0552 1.56
09:55:36 1 0 2 055 0980 0.70
09:55:47 1 0 1 071 0513 0.76
09:55:51 1 0 1 066 0945 0.62
09:55:58 1 0 1 069 0474 1.19
09:56:13 1 1 1 076 0505 1.50
09:56:14 1 0 2 052 0546 0.86
09:56:44 1 0 1 100 0594 1.04
09:56:47 1 0 2 062 0470 1.34
09:57:07 1 0 2 074 0518 1.37
09:57:24 1 0 2 044 0478 1.27
09:57:45 1 0 2 059 0677 1.16
10:01:21 1 0 2 055 0568 0.93
10:01:26 1 0 2 062 0494 0.97
10:02:18 1 0 2 094 0488 1.04
10:04:16 1 0 2 071 0471 1.29
10:05:36 1 0 2 079 0517 1.31
10:05:41 1 0 2 079 0528 1.56
10:05:52 1 0 2 069 0535 0.63
10:06:57 1 0 2 055 0882 0.73
10:08:11 1 0 2 069 0524 1.53
10:09:21 1 0 1 059 1257 0.43
10:10:06 1 0 1 064 0542 1.17
10:10:47 1 0 1 081 0522 0.98
10:11:21 1 0 2 101 0604 0.33
10:11:31 1 0 1 070 0467 1.23
10:13:49 1 0 1 058 0911 0.51
10:13:50 1 0 2 076 0465 1.04
10:14:18 1 0 2 076 0471 1.28
10:15:08 1 0 1 073 0497 0.89
10:15:09 1 0 1 079 0483 1.31
10:15:24 1 0 2 093 0477 1.24
10:16:09 1 3 1 000 0000 0.06
10:16:34 1 0 2 093 0489 1.15
10:17:18 1 0 2 053 0544 1.60
10:17:28 1 0 2 082 0507 1.53
10:17:31 1 0 2 073 0483 1.35
10:17:50 1 0 2 064 0527 1.64
10:17:55 1 0 1 076 0623 1.08
10:17:59 1 0 1 078 0605 0.92
10:18:19 1 0 2 089 0577 0.49
10:18:30 1 0 1 077 0525 1.09
10:18:38 1 0 1 046 0539 1.47
10:19:18 1 0 2 065 0447 0.56
10:19:50 1 0 2 082 0592 0.88
10:20:10 1 3 2 000 0000 0.07
10:20:59 1 0 1 056 0797 0.93
10:21:25 1 0 2 064 0475 1.17
10:21:29 1 0 1 082 0487 1.18
10:21:36 1 0 1 078 0500 1.20
10:21:40 1 0 1 080 0479 1.40
10:22:59 1 0 2 070 0510 1.15
10:23:10 1 0 2 083 0767 1.13
10:23:15 1 0 2 078 0537 1.10
10:24:02 1 0 2 062 0507 1.25
10:26:11 1 0 2 066 0468 1.33
10:26:45 1 0 1 110 0525 0.98
10:27:18 1 0 2 059 0473 1.17
10:28:34 1 0 1 090 0601 0.78
10:28:45 1 1 1 082 0344 0.07
10:28:45 1 0 2 077 0572 0.60
10:29:13 1 0 2 107 0524 1.26
10:29:16 1 0 2 079 0474 1.24
10:29:31 1 0 2 090 0540 1.41
10:29:38 1 0 1 118 0577 0.57
10:30:05 1 0 2 067 0531 1.28
10:30:21 1 0 2 059 0574 0.90
10:30:57 1 0 2 062 0461 1.30
10:31:49 1 0 2 080 0595 0.87
10:33:43 1 0 1 051 2005 0.63
10:33:48 1 0 1 068 0463 1.01
10:33:52 1 0 1 070 0460 1.13
10:34:02 1 0 1 095 0528 1.19
10:34:25 1 0 1 106 0481 1.10
10:34:55 1 0 1 066 0501 1.