
Equipo         : CLASIFICADOR_ESPIRAS_04 
Lugar          : -35.5183, -58.2964      
Descripcion    : RP20 Ranchos            
Fecha Inicio   : 14/12/24 10:37:46       
Archivo        : REG00166.TXT            
# Esclavos     : 1                       
    Esclavo   1: ESCLAVO 1 DEFAULT       
        VIA 1  : Chascomus -Ranchos      
        VIA 2  : Ranchos - Chascomus     
                                                                                                                         

hora (hh:mm:ss)
|        esclavo (1-2)
|        | sentido(0:mano 1:c.mano 2:A 3:B)
|        | | via (1-2)
|        | | | velocidad (Km/h)
|        | | | |   longitud (cm)
|        | | | |   |    desviacion (%)
|        | | | |   |    |
|        | | | |   |    |
|        | | | |   |    |
|        | | | |   |    |
V        V V V V   V    V
                                                                                                                                                            
10:39:02 1 0 1 078 0516 1.07
10:39:04 1 0 1 078 0602 0.91
10:40:59 1 0 1 078 0650 0.56
10:41:13 1 0 2 071 0480 0.77
10:41:31 1 0 1 089 0532 0.98
10:41:42 1 0 2 053 0489 1.18
10:42:30 1 0 1 070 0572 0.59
10:42:46 1 0 2 082 0595 0.70
10:42:56 1 0 2 057 0457 0.86
10:43:49 1 0 2 075 0583 1.29
10:43:52 1 0 2 053 0520 1.40
10:43:58 1 0 2 088 0500 1.11
10:44:01 1 0 1 077 0581 0.67
10:45:10 1 0 2 081 0589 0.81
10:47:45 1 0 2 071 0508 1.45
10:47:47 1 0 2 067 0476 1.16
10:48:22 1 0 1 050 0408 0.71
10:49:01 1 0 2 076 0569 0.51
10:49:05 1 0 1 064 0579 0.89
10:49:09 1 0 2 067 0588 1.11
10:49:09 1 0 1 058 0504 1.57
10:49:13 1 0 1 054 0488 1.28
10:49:33 1 0 1 049 0549 1.57
10:50:22 1 0 2 069 0780 1.08
10:50:30 1 0 1 081 0586 0.83
10:50:34 1 0 2 063 0504 1.26
10:50:36 1 0 1 077 0591 1.00
10:50:46 1 0 2 078 0513 1.10
10:51:56 1 2 1 000 0000 0.26
10:51:57 1 0 1 000 0000 0.27
10:52:06 1 0 1 024 0451 1.28
10:53:54 1 0 1 065 0458 0.79
10:53:58 1 0 1 075 0528 1.07
10:56:57 1 0 2 055 0598 0.36
10:56:59 1 0 2 057 0563 0.80
10:57:07 1 0 2 083 0517 1.10
10:57:28 1 0 1 069 0477 0.58
10:57:32 1 0 1 094 0602 0.90
10:58:08 1 0 1 111 0527 1.18
10:58:10 1 0 2 066 0495 0.82
10:58:26 1 0 1 118 0456 1.01
10:58:58 1 0 1 034 0575 0.77
10:59:46 1 0 2 079 0505 1.23
11:00:26 1 0 1 096 0585 1.11
11:01:32 1 0 2 048 0582 0.89
11:01:34 1 0 2 048 0466 1.39
11:03:40 1 0 2 056 0499 1.04
11:05:46 1 0 2 054 0515 1.36
11:06:07 1 0 2 069 0462 0.95
11:06:08 1 0 1 054 0607 0.50
11:06:16 1 0 2 057 0466 1.29
11:06:18 1 0 2 054 0151 0.10
11:07:27 1 0 1 046 0480 1.20
11:08:53 1 0 1 096 0485 0.93
11:10:18 1 0 2 076 0506 1.23
11:10:26 1 1 2 088 0191 0.06
11:10:26 1 0 1 090 0486 1.02
11:11:29 1 0 2 057 0466 1.46
11:13:32 1 0 1 051 0792 0.33
11:14:02 1 0 2 070 0464 0.59
11:14:04 1 0 2 073 0486 1.06
11:15:08 1 0 2 062 1213 1.57
11:15:39 1 0 2 089 0612 1.02
11:15:58 1 0 2 044 1870 0.49
11:16:18 1 0 2 069 0528 1.56
11:16:39 1 0 2 105 0597 1.17
11:16:46 1 0 1 064 1045 0.38
11:17:19 1 0 1 060 0765 0.63
11:18:40 1 0 1 101 0557 1.38
11:19:40 1 0 1 069 0488 0.90
11:22:00 1 0 2 069 0477 0.81
11:22:32 1 0 1 047 0510 0.90
11:24:01 1 0 2 057 0568 0.99
11:24:11 1 0 2 063 0500 1.39
11:24:30 1 0 2 092 0527 0.93
11:24:37 1 0 1 040 0662 0.86
11:24:51 1 0 2 073 0554 1.32
11:24:57 1 0 1 092 0625 0.82
11:25:47 1 0 2 077 0578 0.94
11:26:08 1 0 1 100 0545 1.04
11:26:35 1 0 2 057 1410 0.41
11:27:19 1 0 2 067 1842 0.40
11:27:36 1 1 2 062 0994 0.16
11:27:36 1 0 1 062 1209 1.37
11:27:47 1 0 2 054 0481 1.27
11:27:53 1 0 2 076 0504 1.32
11:27:57 1 0 1 069 0528 0.92
11:27:59 1 0 2 064 0514 1.54
11:28:35 1 0 2 075 0489 1.18
11:28:46 1 0 1 090 0499 1.02
11:29:05 1 0 1 084 0555 1.31
11:29:07 1 0 1 076 0485 1.22
11:29:13 1 0 1 086 0568 1.03
11:30:23 1 0 2 077 0534 0.66
11:30:26 1 0 1 078 0513 1.09
11:30:30 1 0 1 069 0595 0.96
11:31:48 1 0 2 094 0592 0.76
11:31:55 1 0 2 066 0498 1.22
11:32:44 1 0 2 060 0524 1.56
11:33:05 1 0 2 036 0128 0.09
11:33:08 1 1 1 067 0765 0.22
11:33:08 1 0 2 067 0788 0.34
11:33:27 1 0 1 100 0516 0.68
11:33:27 1 3 2 000 0000 0.06
11:35:28 1 0 1 072 0432 0.96
11:35:56 1 0 2 034 0557 0.89
11:36:48 1 0 1 062 1938 0.42
11:37:09 1 0 1 087 0510 0.87
11:37:33 1 0 2 083 0491 0.54
11:38:12 1 0 2 070 0480 1.31
11:38:15 1 0 2 077 0468 1.30
11:38:55 1 0 1 059 0504 1.13
11:38:57 1 0 1 057 0505 1.39
11:39:17 1 0 1 071 0510 1.24
11:39:25 1 0 2 072 0593 0.79
11:39:28 1 0 2 065 0454 1.11
11:39:31 1 0 2 070 0530 1.60
11:40:21 1 0 2 067 0529 1.47
11:40:40 1 0 1 091 0494 0.60
11:41:01 1 1 1 092 0395 0.23
11:41:01 1 0 2 090 0449 0.31
11:41:02 1 0 2 072 0518 1.22
11:41:24 1 0 2 075 0490 1.25
11:43:57 1 0 2 094 0517 1.48
11:44:00 1 0 1 091 0593 0.65
11:44:23 1 0 1 091 0459 1.13
11:45:13 1 1 2 081 0516 0.34
11:45:13 1 0 1 040 1925 0.42
11:45:35 1 0 2 075 0503 1.38
11:45:43 1 0 2 077 0491 1.16
11:45:48 1 0 1 098 0604 0.88
11:46:17 1 0 2 066 0510 1.22
11:48:13 1 0 2 049 0444 1.24
11:48:16 1 0 1 061 0603 0.70
11:48:19 1 0 2 053 0738 0.63
11:48:36 1 0 2 044 0579 0.78
11:48:44 1 0 1 075 0783 0.82
11:48:54 1 0 1 077 0515 1.07
11:49:13 1 0 1 078 0517 1.20
11:49:32 1 0 2 084 1024 0.61
11:51:06 1 0 1 016 0043 0.05
11:51:42 1 0 1 061 0507 1.05
11:53:30 1 0 2 072 0449 1.09
11:54:05 1 0 2 073 0474 1.24
11:55:10 1 0 2 082 0532 1.24
11:58:41 1 0 2 081 0528 1.24
11:58:56 1 0 1 076 0598 0.36
11:59:03 1 0 1 099 0504 1.01
11:59:12 1 0 2 073 0471 1.08
11:59:58 1 0 2 065 0568 1.02
12:00:12 1 0 2 077 0634 1.35
12:00:14 1 0 2 064 0490 1.18
12:02:02 1 0 2 094 0622 1.03
12:03:11 1 0 1 075 0542 0.62
12:03:35 1 0 1 066 0474 1.24
12:03:54 1 0 2 083 0572 0.55
12:05:11 1 0 1 077 0501 0.92
12:06:00 1 0 2 066 0659 0.71
12:06:23 1 0 1 096 0549 0.90
12:06:35 1 0 2 036 0490 0.95
12:06:38 1 0 2 046 0502 1.10
12:06:44 1 0 2 075 0501 1.51
12:07:10 1 0 2 063 0525 1.14
12:07:32 1 0 2 085 0517 1.18
12:07:53 1 0 1 059 0493 1.23
12:08:00 1 0 2 066 0944 0.59
12:09:05 1 0 1 081 0531 0.81
12:09:07 1 0 1 065 0505 0.98
12:09:37 1 0 2 071 0581 0.54
12:10:02 1 0 2 053 0886 0.53
12:10:18 1 0 2 055 0524 1.48
12:10:29 1 0 1 068 0453 0.97
12:10:55 1 0 1 074 0475 1.03
12:11:45 1 0 2 077 0539 1.19
12:13:40 1 0 1 080 0459 0.76
12:13:52 1 0 1 075 0591 0.79
12:14:36 1 0 2 080 0567 0.53
12:14:37 1 0 2 072 0486 1.24
12:15:14 1 0 2 054 0477 0.97
12:15:28 1 0 2 084 0472 1.17
12:15:50 1 0 2 078 0511 1.42
12:16:00 1 0 1 075 0570 0.34
12:16:01 1 0 1 078 0506 1.23
12:16:14 1 3 1 000 0000 0.06
12:16:34 1 0 2 057 0478 1.33
12:17:00 1 0 2 074 0475 1.43
12:17:11 1 0 2 063 0508 1.42
12:18:36 1 0 1 081 0592 0.53
12:19:36 1 1 2 062 0293 0.12
12:19:36 1 0 1 063 0480 0.57
12:20:01 1 0 1 094 0459 1.19
12:20:43 1 0 1 058 0452 0.97
12:21:38 1 0 1 042 0454 1.16
12:21:42 1 0 2 071 0497 0.67
12:23:00 1 1 2 065 0311 0.12
12:23:00 1 0 1 065 0514 0.74
12:23:54 1 0 2 063 0845 0.75
12:24:31 1 0 1 102 0486 0.95
12:24:46 1 0 1 072 0511 1.25
12:24:58 1 0 2 091 0496 1.04
12:25:10 1 0 1 069 0668 1.12
12:25:12 1 0 2 120 0589 0.73
12:25:20 1 0 1 083 0707 1.06
12:25:30 1 0 1 077 0526 1.34
12:25:33 1 0 1 072 0481 1.31
12:25:38 1 0 2 059 0556 0.89
12:26:17 1 0 1 071 0479 0.72
12:26:29 1 0 2 078 0459 1.45
12:27:57 1 0 2 084 0595 0.95
12:28:16 1 0 2 082 0523 1.58
12:28:21 1 0 1 082 0490 1.07
12:29:16 1 0 1 072 0475 1.13
12:29:57 1 0 1 075 0570 0.89
12:30:38 1 0 2 075 0519 0.66
12:31:37 1 0 2 064 0534 0.92
12:33:11 1 0 2 054 0469 1.06
12:33:15 1 0 2 067 0542 1.22
12:34:21 1 0 1 106 0583 0.58
12:34:38 1 0 2 063 0461 1.12
12:34:44 1 0 1 072 0513 1.28
12:36:02 1 0 1 059 2207 0.41
12:36:11 1 0 2 073 0467 0.98
12:36:11 1 0 1 061 2197 0.44
12:36:18 1 0 1 064 2130 0.41
12:37:36 1 0 2 068 0176 0.06
12:37:37 1 0 2 068 0148 0.08
12:37:43 1 0 2 118 0059 0.07
12:38:15 1 0 2 092 0539 1.13
12:39:05 1 0 1 073 0470 0.78
12:39:25 1 0 1 074 0499 1.43
12:39:27 1 0 1 080 0492 0.83
12:40:44 1 0 2 083 0527 0.46
12:40:56 1 0 2 068 0598 0.96
12:42:19 1 0 1 090 0512 0.93
12:42:33 1 0 1 075 0542 0.85
12:42:37 1 0 1 090 0541 1.52
12:44:40 1 0 1 057 0483 0.86
12:44:41 1 0 1 081 0311 0.26
12:44:41 1 1 2 081 0367 0.22
12:44:50 1 0 1 069 0646 1.15
12:44:52 1 0 1 074 0536 1.24
12:45:09 1 0 1 056 0588 0.81
12:45:40 1 0 2 016 0060 0.07
12:46:46 1 0 2 072 0565 0.81
12:47:55 1 0 1 065 0538 1.05
12:48:56 1 0 1 052 0464 0.95
12:49:59 1 0 2 072 0469 0.95
12:50:00 1 0 2 070 0587 0.84
12:50:13 1 0 1 106 0551 0.81
12:51:49 1 0 2 058 0508 0.94
12:52:01 1 0 1 072 0599 0.62
12:52:35 1 0 2 114 0603 0.53
12:52:39 1 0 2 078 0479 1.26
12:53:20 1 0 1 122 0574 0.47
12:53:55 1 0 1 084 0529 1.18
12:54:04 1 0 2 062 0547 0.99
12:55:27 1 0 1 063 0497 0.71
12:57:02 1 0 2 054 0479 1.27
12:57:47 1 0 2 094 0485 1.45
12:57:54 1 0 2 121 0569 1.08
12:59:04 1 0 1 080 0602 0.56
12:59:06 1 0 2 115 0590 0.76
12:59:13 1 0 2 083 0556 1.32
12:59:29 1 0 1 064 0501 1.17
12:59:36 1 0 2 034 1678 0.42
12:59:50 1 0 1 067 0570 0.65
13:00:55 1 0 1 105 0662 0.52
13:01:27 1 1 2 042 0414 0.11
13:01:27 1 0 1 042 0479 0.26
13:02:02 1 0 2 070 0449 1.13
13:03:42 1 0 1 065 0544 0.98
13:03:53 1 0 1 071 0143 0.07
13:04:10 1 0 1 062 0639 0.76
13:04:35 1 0 2 055 0503 0.80
13:04:45 1 0 2 067 0531 1.38
13:05:27 1 0 1 065 0453 0.78
13:05:40 1 0 2 076 0841 1.34
13:05:47 1 0 1 063 0580 1.10
13:05:59 1 0 1 064 1332 0.45
13:06:02 1 0 1 068 0449 1.19
13:06:58 1 0 2 096 0600 0.79
13:07:06 1 0 2 103 0600 0.91
13:07:22 1 0 2 073 0280 0.10
13:07:22 1 1 1 072 0513 0.62
13:08:25 1 1 2 087 0287 0.11
13:08:25 1 0 1 087 0484 0.72
13:08:43 1 0 1 085 0504 1.09
13:08:45 1 0 1 087 0551 0.78
13:08:55 1 0 2 066 0804 0.55
13:09:04 1 0 2 070 0579 0.82
13:09:48 1 0 1 088 0451 0.52
13:10:04 1 0 2 085 0477 0.88
13:10:20 1 0 1 071 0164 0.11
13:10:21 1 0 1 074 0165 0.09
13:10:22 1 0 1 083 0166 0.08
13:10:43 1 0 2 087 0546 1.08
13:10:50 1 0 1 082 0571 0.80
13:12:12 1 0 2 080 0591 0.78
13:12:33 1 0 1 085 0619 0.68
13:12:33 1 0 2 068 0803 0.69
13:12:37 1 0 2 082 0528 1.07
13:12:37 1 3 1 000 0000 0.06
13:12:45 1 0 2 072 0699 1.18
13:13:03 1 0 2 058 1809 0.43
13:13:04 1 0 1 055 1867 0.39
13:13:13 1 0 2 061 1999 0.48
13:13:27 1 0 2 058 1371 0.47
13:13:33 1 0 2 378 1394 0.11
13:13:33 1 3 2 000 0000 0.07
13:13:34 1 0 2 070 0878 0.28
13:13:34 1 0 1 066 0449 1.10
13:14:22 1 0 2 090 0532 0.46
13:14:57 1 0 1 084 0503 0.82
13:15:02 1 0 2 062 0454 1.15
13:15:08 1 0 1 104 0546 1.10
13:15:10 1 0 1 093 0485 1.14
13:15:25 1 0 1 045 0477 1.02
13:15:29 1 0 1 065 0503 0.53
13:16:39 1 0 2 056 0434 0.83
13:17:01 1 1 2 090 0218 0.07
13:17:01 1 0 1 090 0483 0.71
13:17:49 1 0 1 110 0567 0.46
13:19:10 1 0 2 079 0498 0.87
13:21:25 1 0 2 046 0573 1.06
13:22:33 1 1 2 077 0332 0.07
13:22:33 1 0 1 078 0573 0.44
13:22:50 1 0 1 071 0467 1.37
13:22:53 1 0 1 074 0472 1.09
13:22:54 1 0 2 074 0470 1.31
13:24:38 1 0 1 062 0139 0.05
13:25:07 1 0 2 055 0432 1.28
13:25:51 1 0 1 075 0453 1.04
13:25:59 1 0 1 074 0479 1.18
13:26:21 1 0 1 090 0523 1.06
13:26:50 1 0 2 091 0653 0.78
13:28:10 1 0 1 081 0511 0.73
13:28:21 1 0 1 075 0561 0.72
13:28:21 1 3 2 000 0000 0.06
13:29:38 1 0 2 064 0447 1.06
13:29:55 1 1 2 057 0210 0.08
13:29:55 1 0 1 058 0445 0.65
13:30:48 1 0 2 069 0479 1.29
13:31:56 1 0 1 087 0528 1.28
13:32:44 1 0 2 085 0507 1.01
13:33:10 1 1 2 076 0233 0.08
13:33:10 1 0 1 076 0445 0.54
13:34:03 1 0 1 112 0631 0.87
13:34:13 1 0 2 078 0590 0.78
13:34:13 1 0 1 093 0533 1.53
13:34:37 1 0 2 087 0528 1.55
13:35:23 1 0 1 078 0714 0.98
13:35:49 1 0 1 111 0191 0.08
13:35:52 1 0 1 097 0520 1.07
13:36:00 1 0 1 088 0591 0.76
13:36:12 1 0 1 049 2144 0.49
13:36:21 1 0 2 081 0489 0.57
13:36:53 1 0 1 087 0544 1.15
13:37:41 1 0 1 017 0076 0.13
13:38:25 1 0 1 084 0505 1.13
13:39:37 1 0 1 084 0535 1.30
13:39:41 1 0 1 059 0895 0.44
13:39:59 1 0 2 088 0483 0.85
13:40:11 1 0 2 067 0466 1.23
13:40:43 1 0 2 083 0533 1.64
13:41:11 1 0 2 097 0577 0.88
13:41:12 1 0 2 112 0587 1.06
13:41:13 1 0 1 076 0588 0.75
13:41:18 1 0 1 072 0568 1.09
13:41:24 1 0 1 080 0457 1.25
13:41:57 1 0 1 061 0570 0.82
13:42:26 1 0 1 078 0527 1.07
13:42:54 1 0 2 063 0491 0.85
13:42:56 1 0 2 072 0484 1.35
13:43:58 1 0 1 089 0519 1.07
13:44:19 1 0 1 093 0454 0.93
13:45:10 1 0 1 108 0486 0.95
13:45:28 1 0 2 065 0517 0.51
13:45:28 1 0 1 070 1077 0.45
13:45:34 1 0 1 076 1217 0.41
13:47:08 1 0 2 073 0503 0.99
13:48:09 1 0 2 056 0449 1.12
13:48:16 1 0 2 059 0424 1.18
13:48:35 1 0 1 084 0512 0.69
13:50:09 1 0 1 073 0515 1.08
13:52:03 1 0 2 083 0507 0.70
13:52:43 1 0 1 092 0465 0.59
13:54:23 1 1 2 076 0533 0.13
13:54:23 1 0 1 075 0627 0.32
13:54:26 1 0 1 083 0475 1.17
13:55:04 1 0 2 056 0489 1.31
13:55:41 1 0 2 077 0436 1.25
13:56:27 1 0 2 097 0512 1.38
13:56:50 1 0 1 077 0448 0.91
13:57:01 1 0 2 089 0495 1.22
13:57:55 1 0 1 057 0163 0.10
13:59:12 1 0 1 115 0500 0.94
14:00:40 1 0 1 088 0508 1.04
14:01:03 1 0 2 084 0515 0.86
14:01:17 1 0 1 087 0491 1.05
14:01:50 1 0 1 084 0510 1.14
14:03:48 1 0 1 072 0587 0.80
14:03:53 1 0 2 067 0507 1.11
14:04:03 1 0 2 065 0463 1.39
14:05:19 1 0 2 141 0619 1.10
14:05:47 1 0 1 100 0487 0.57
14:07:24 1 0 1 032 0545 0.81
14:08:01 1 0 2 076 0497 0.66
14:08:17 1 0 2 100 0904 0.87
14:09:48 1 0 1 073 0530 0.95
14:09:49 1 0 1 077 0498 1.01
14:12:49 1 3 1 000 0000 0.10
14:12:54 1 1 2 048 0459 0.07
14:12:55 1 0 1 052 1665 0.17
14:14:17 1 0 1 089 0508 1.25
14:14:19 1 0 2 064 0496 0.71
14:15:28 1 1 2 101 0209 0.06
14:15:28 1 0 1 098 0444 0.62
14:17:15 1 0 2 054 0482 1.24
14:18:54 1 0 2 031 0466 1.17
14:19:41 1 0 2 071 0550 1.63
14:22:36 1 0 2 068 0512 1.27
14:22:47 1 0 1 066 0455 0.72
14:23:01 1 0 2 082 0465 1.14
14:24:09 1 0 1 057 0502 0.94
14:24:43 1 0 1 068 0471 1.31
14:24:45 1 0 1 073 0538 1.52
14:24:47 1 0 1 065 0513 1.43
14:24:49 1 0 2 068 0502 0.85
14:24:53 1 0 1 064 0462 1.33
14:25:16 1 0 2 094 0525 1.24
14:25:23 1 0 1 059 0503 1.30
14:25:41 1 0 2 048 0493 0.75
14:26:14 1 0 2 078 0486 1.09
14:27:42 1 0 2 083 0583 0.93
14:28:31 1 0 1 099 0498 0.62
14:29:11 1 0 2 069 0458 0.88
14:29:30 1 0 1 075 0465 1.07
14:30:50 1 0 2 058 0777 0.44
14:31:16 1 0 2 084 0473 1.31
14:32:30 1 0 1 075 1384 0.27
14:32:38 1 0 1 087 0490 1.22
14:32:50 1 0 1 065 0517 1.52
14:33:51 1 0 2 107 0556 0.87
14:34:57 1 0 1 080 0597 0.48
14:35:21 1 0 2 080 0601 1.09
14:35:43 1 0 2 097 0502 1.18
14:36:34 1 0 1 072 0492 0.78
14:37:14 1 0 2 056 0502 1.02
14:37:45 1 0 2 075 0492 0.58
14:38:00 1 0 2 061 0914 1.09
14:38:56 1 0 1 107 0529 0.56
14:39:06 1 0 1 057 0541 0.97
14:40:03 1 3 2 000 0000 0.04
14:41:35 1 0 2 073 0516 1.10
14:42:10 1 1 1 083 1077 0.12
14:43:31 1 2 2 000 0000 0.09
14:44:33 1 0 2 082 0504 1.38
14:45:11 1 0 1 100 0457 0.82
14:46:21 1 0 2 084 0518 0.85
14:47:15 1 1 1 076 1066 0.11
14:47:15 1 0 2 075 1304 1.53
14:48:42 1 0 2 078 0491 1.15
14:50:44 1 0 2 060 0511 1.52
14:51:15 1 0 2 068 0445 1.21
14:53:25 1 0 1 050 0455 0.60
14:55:52 1 1 2 137 0257 0.05
14:55:52 1 0 1 139 0506 0.53
14:55:56 1 1 2 129 0430 0.15
14:55:56 1 0 1 132 0576 0.42
14:56:42 1 0 2 080 0489 1.02
14:56:59 1 0 2 073 0433 1.18
14:59:14 1 0 2 094 0475 1.14
14:59:16 1 0 2 081 0565 0.66
14:59:30 1 0 1 080 0503 0.47
15:00:11 1 0 2 050 0451 1.03
15:00:11 1 0 1 085 0520 1.42
15:00:30 1 0 1 041 1651 0.72
15:00:33 1 0 1 043 0382 0.