
Equipo         : CLASIFICADOR_ESPIRAS_05 
Lugar          : -37.1258, -58.5592      
Descripcion    : RP50 Ayacucho           
Fecha Inicio   : 12/12/24 14:33:06       
Archivo        : REG00225.TXT            
# Esclavos     : 1                       
    Esclavo   1: ESCLAVO 1 DEFAULT       
        VIA 1  : Ranchos - Ayacucho      
        VIA 2  : Ayacucho - Ranchos      
                                                                                                                         

hora (hh:mm:ss)
|        esclavo (1-2)
|        | sentido(0:mano 1:c.mano 2:A 3:B)
|        | | via (1-2)
|        | | | velocidad (Km/h)
|        | | | |   longitud (cm)
|        | | | |   |    desviacion (%)
|        | | | |   |    |
|        | | | |   |    |
|        | | | |   |    |
|        | | | |   |    |
V        V V V V   V    V
                                                                                                                                                            
14:33:21 1 0 1 063 0501 1.05
14:33:35 1 0 2 019 0835 0.40
14:33:39 1 0 2 042 0479 1.11
14:34:19 1 0 1 083 0529 1.00
14:34:22 1 0 1 079 0504 0.65
14:35:21 1 0 2 080 0582 0.77
14:36:04 1 0 1 072 0563 0.89
14:38:30 1 0 1 099 0475 0.99
14:38:52 1 0 2 047 1993 0.34
14:39:30 1 0 2 066 0410 0.73
14:40:49 1 0 1 038 2160 0.43
14:43:13 1 0 1 084 0589 0.88
14:43:51 1 0 2 043 0441 0.90
14:44:30 1 0 1 062 0625 0.88
14:44:42 1 0 1 064 0501 0.96
14:44:47 1 0 1 068 0502 1.34
14:45:40 1 0 2 049 1860 0.26
14:51:21 1 0 2 059 0467 1.10
14:52:01 1 1 2 000 0000 0.53
14:52:03 1 3 2 000 0000 0.14
14:55:14 1 0 2 075 0554 0.71
14:55:53 1 0 2 021 0408 0.52
14:55:59 1 0 2 050 0452 1.23
14:56:46 1 0 1 053 0440 0.86
14:57:18 1 0 1 060 0454 1.23
14:59:52 1 0 1 072 0501 0.64
15:03:37 1 0 2 025 0796 0.38
15:04:15 1 0 2 072 0472 0.97
15:06:12 1 0 2 065 0518 1.06
15:06:27 1 0 1 112 0477 0.87
15:07:15 1 0 1 065 0507 1.09
15:08:16 1 0 2 013 0803 0.31
15:08:22 1 0 2 040 1447 0.97
15:09:17 1 0 1 063 0480 0.89
15:09:28 1 0 2 051 1451 0.49
15:09:33 1 0 2 058 1465 0.45
15:10:39 1 0 2 061 0536 0.73
15:12:09 1 0 2 029 0808 0.33
15:15:23 1 0 2 069 0519 1.09
15:16:18 1 0 1 077 0468 1.00
15:18:08 1 0 2 060 0445 0.21
15:19:40 1 3 2 000 0000 0.09
15:22:47 1 0 2 069 0507 0.88
15:22:51 1 0 2 066 0567 0.72
15:25:54 1 0 2 067 0523 1.00
15:26:20 1 0 1 101 0487 0.46
15:27:52 1 0 1 067 0553 0.66
15:28:14 1 0 2 064 0549 0.64
15:29:46 1 0 1 077 0579 0.66
15:30:23 1 0 2 031 1981 0.34
15:30:41 1 0 1 071 0573 0.69
15:32:45 1 0 1 056 1825 0.45
15:32:56 1 0 1 095 0586 0.81
15:35:00 1 0 2 067 0494 1.18
15:36:18 1 0 1 066 0766 0.31
15:36:44 1 0 1 066 0518 0.99
15:36:45 1 0 2 073 0520 1.09
15:38:46 1 0 1 053 0560 0.72
15:39:26 1 0 1 077 0459 1.09
15:39:46 1 0 2 054 0481 1.23
15:41:10 1 0 1 081 0546 0.77
15:45:29 1 0 2 070 0533 1.35
15:46:24 1 0 1 082 0568 0.74
15:47:37 1 0 2 059 0534 0.82
15:49:08 1 0 1 042 1757 0.56
15:49:51 1 0 1 050 2072 0.45
15:49:58 1 0 1 048 0928 0.67
15:51:45 1 0 1 080 0540 1.36
15:52:49 1 0 1 043 1883 0.44
15:52:53 1 0 1 042 1391 1.12
15:52:54 1 0 1 040 0466 1.08
15:52:58 1 0 1 041 1660 0.92
15:53:06 1 0 2 064 0556 0.85
15:53:08 1 0 1 041 1981 0.40
15:53:10 1 0 1 039 0552 0.79
15:55:17 1 0 2 090 0581 0.92
15:55:50 1 0 2 054 0479 1.03
15:58:04 1 0 1 066 0529 0.53
15:58:49 1 0 1 020 1649 0.35
15:58:50 1 0 1 017 0103 0.13
15:59:22 1 0 1 010 1884 0.21
16:01:34 1 0 1 053 0546 0.75
16:03:14 1 0 2 031 0779 0.30
16:03:55 1 0 1 066 0510 1.25
16:04:40 1 0 1 055 0572 0.75
16:05:01 1 2 2 000 0000 0.46
16:05:58 1 3 2 000 0000 0.08
16:06:09 1 0 1 050 0719 0.60
16:06:47 1 0 1 074 0488 0.94
16:09:29 1 0 1 097 0586 0.79
16:09:30 1 0 2 061 0509 0.88
16:11:07 1 0 2 007 0643 0.41
16:11:33 1 0 1 036 2338 0.61
16:11:41 1 0 1 049 0495 1.31
16:12:10 1 0 1 027 0515 0.99
16:13:16 1 0 1 065 2047 0.39
16:14:36 1 0 1 050 0841 0.44
16:14:47 1 0 1 041 1734 0.54
16:15:34 1 3 1 000 0000 0.00
16:15:54 1 2 1 000 0000 0.64
16:16:45 1 1 1 000 0000 1.29
16:16:49 1 3 1 000 0000 0.56
16:17:32 1 0 2 065 0547 0.84
16:18:06 1 0 1 057 1539 0.25
16:18:56 1 0 1 062 0411 0.40
16:21:23 1 0 2 073 0465 0.75
16:24:56 1 0 1 092 0582 0.76
16:25:09 1 0 1 098 0538 0.44
16:29:27 1 0 1 082 0546 0.65
16:29:31 1 0 1 057 1939 0.52
16:29:38 1 0 1 052 2097 0.39
16:30:06 1 0 1 046 2010 0.47
16:30:28 1 0 1 043 1844 0.48
16:31:15 1 0 1 084 0573 0.72
16:31:43 1 0 2 048 0655 0.60
16:33:04 1 0 2 062 0557 0.73
16:34:59 1 0 2 077 0571 0.71
16:36:13 1 0 2 052 0576 0.63
16:37:18 1 0 1 068 0565 0.80
16:38:41 1 0 1 066 0580 0.93
16:38:53 1 0 1 046 1112 0.85
16:39:23 1 0 2 080 0561 0.61
16:40:23 1 0 1 042 1928 0.39
16:42:21 1 0 2 039 0444 0.81
16:42:25 1 0 1 056 0498 0.95
16:42:25 1 0 2 047 0514 0.71
16:42:56 1 0 2 068 0488 1.11
16:44:06 1 0 1 064 0480 1.26
16:44:08 1 0 2 064 0460 1.23
16:44:08 1 0 1 060 0460 1.14
16:44:15 1 0 2 065 0462 0.90
16:44:22 1 0 2 068 0554 0.75
16:46:12 1 0 1 044 1497 0.46
16:46:54 1 0 1 049 1814 0.33
16:47:23 1 0 2 027 0846 0.22
16:47:54 1 0 1 081 0497 1.11
16:48:38 1 0 2 027 1110 0.39
16:49:02 1 0 2 055 0624 0.89
16:51:50 1 0 2 051 0463 1.34
16:52:14 1 0 1 082 0551 0.58
16:52:22 1 2 2 000 0000 0.82
16:53:29 1 3 2 000 0000 0.06
16:54:31 1 0 1 077 0457 0.77
16:55:15 1 0 1 064 0503 0.78
16:56:17 1 0 1 077 0562 0.71
16:56:40 1 0 1 058 0476 0.80
16:57:16 1 0 1 079 0563 0.80
16:57:21 1 0 2 075 0482 1.06
17:00:22 1 0 2 061 0554 0.80
17:01:37 1 0 1 080 0580 0.74
17:01:58 1 0 1 083 0587 0.89
17:02:13 1 0 2 078 0579 0.94
17:02:30 1 0 2 074 0566 0.99
17:03:04 1 0 1 064 0562 0.75
17:05:45 1 0 2 069 0486 1.08
17:07:03 1 0 1 064 0591 0.97
17:07:29 1 0 2 055 1078 0.61
17:07:29 1 0 1 086 0570 0.77
17:08:00 1 0 2 073 0494 1.23
17:08:51 1 0 1 042 1757 0.36
17:09:32 1 0 1 053 0538 0.67
17:09:35 1 0 1 069 0504 1.05
17:09:56 1 0 1 080 0528 0.95
17:10:25 1 0 2 056 0459 0.89
17:11:19 1 0 1 046 0440 0.91
17:11:21 1 0 1 044 0522 1.28
17:11:40 1 0 1 094 0590 0.74
17:13:10 1 0 1 091 0452 0.89
17:13:40 1 0 2 053 2057 0.31
17:14:14 1 0 2 075 0501 1.16
17:14:54 1 2 2 000 0000 0.34
17:14:56 1 2 2 000 0000 0.95
17:15:32 1 1 2 000 0000 0.27
17:15:43 1 0 1 064 0468 1.16
17:15:47 1 3 2 000 0000 0.45
17:16:55 1 0 1 054 1917 0.54
17:16:57 1 0 1 054 0523 1.03
17:17:04 1 0 1 054 0481 1.07
17:17:09 1 0 2 037 1954 0.54
17:18:48 1 0 2 075 0554 0.72
17:18:56 1 0 1 075 0585 0.72
17:22:16 1 0 2 056 0433 1.07
17:23:16 1 0 1 096 0551 0.72
17:23:28 1 0 1 074 0562 0.72
17:23:55 1 0 2 041 0930 0.30
17:25:01 1 0 1 089 0582 0.88
17:25:25 1 0 2 023 0884 0.34
17:26:19 1 0 2 055 0535 0.76
17:28:00 1 0 2 017 0436 0.42
17:28:07 1 0 2 034 0486 1.17
17:29:39 1 0 1 071 0769 0.51
17:30:15 1 0 2 080 0541 0.77
17:30:33 1 0 1 078 0494 0.90
17:30:52 1 0 2 085 0553 0.61
17:33:15 1 0 2 070 0555 0.80
17:34:43 1 0 1 058 0529 0.71
17:35:07 1 0 2 066 0506 1.42
17:35:31 1 0 2 057 0522 1.41
17:35:38 1 0 1 045 2043 0.45
17:37:22 1 0 1 049 1853 0.48
17:38:54 1 0 1 062 0479 0.76
17:38:58 1 0 1 067 0534 0.89
17:39:12 1 0 1 081 0474 1.17
17:39:20 1 0 1 087 0478 0.93
17:39:42 1 0 2 062 0499 1.16
17:39:47 1 0 1 097 0589 0.79
17:42:15 1 0 2 058 0637 0.75
17:42:32 1 0 2 051 0540 0.74
17:43:21 1 0 2 078 0539 0.72
17:44:31 1 0 2 075 0532 0.69
17:44:36 1 0 1 082 0565 0.76
17:45:17 1 0 2 055 0531 0.68
17:45:45 1 0 2 060 0614 0.84
17:45:55 1 0 2 043 0509 0.56
17:47:31 1 0 1 076 0471 1.08
17:48:31 1 0 2 075 0581 0.78
17:50:25 1 0 2 094 0548 0.68
17:50:43 1 0 1 066 0524 0.56
17:51:05 1 0 1 051 2138 0.43
17:51:25 1 0 1 049 2099 0.42
17:56:29 1 0 2 071 0488 1.02
17:57:10 1 0 2 062 0488 1.09
18:00:34 1 0 1 072 0589 0.68
18:01:56 1 0 1 063 0470 1.06
18:02:00 1 0 1 069 0536 1.34
18:03:17 1 0 2 054 0544 0.62
18:03:33 1 0 1 070 0550 0.60
18:03:38 1 0 1 066 0555 0.62
18:04:49 1 0 1 082 0538 0.94
18:05:03 1 0 1 073 0571 0.72
18:05:05 1 0 1 072 0477 0.70
18:05:15 1 0 1 072 0638 0.57
18:05:39 1 0 1 054 0562 0.58
18:06:32 1 0 2 069 0503 1.16
18:06:44 1 0 2 065 0478 1.04
18:07:31 1 0 1 000 0000 0.15
18:07:33 1 3 1 000 0000 0.07
18:07:37 1 0 1 035 0502 0.82
18:07:52 1 0 1 007 0909 0.28
18:08:02 1 0 1 047 0494 1.20
18:08:33 1 0 1 079 0569 0.72
18:10:09 1 0 1 052 1720 0.41
18:10:11 1 0 1 050 0557 0.78
18:10:19 1 0 1 066 0547 0.73
18:12:14 1 0 1 072 0516 0.60
18:13:31 1 0 2 052 0445 1.12
18:13:53 1 0 2 041 1836 0.38
18:15:00 1 2 2 000 0000 0.06
18:15:21 1 0 2 077 0535 0.36
18:16:46 1 0 1 073 0477 0.85
18:17:37 1 0 2 066 0542 0.84
18:20:44 1 0 2 030 1408 0.36
18:21:04 1 0 2 066 0481 1.29
18:22:03 1 0 1 033 1936 0.44
18:22:39 1 0 2 923 9999 0.13
18:22:41 1 0 2 051 0415 1.30
18:22:49 1 0 2 067 0501 1.10
18:22:52 1 0 1 033 2064 0.38
18:23:30 1 0 2 058 1829 0.46
18:24:21 1 0 1 045 2178 0.43
18:24:36 1 0 2 070 0806 0.35
18:24:44 1 0 2 064 0468 0.97
18:25:38 1 0 1 089 0554 0.74
18:27:14 1 0 1 073 0476 0.67
18:27:40 1 0 1 072 0522 1.21
18:28:37 1 0 1 085 0566 0.75
18:29:14 1 0 2 071 0534 1.43
18:31:33 1 0 1 075 0536 0.95
18:32:25 1 0 1 061 0524 1.00
18:33:42 1 0 2 084 0536 1.42
18:35:42 1 0 2 083 0525 1.03
18:35:57 1 0 1 051 0477 1.01
18:36:19 1 0 1 063 0907 0.58
18:36:27 1 0 1 077 0499 1.21
18:38:05 1 0 1 066 0517 1.29
18:38:32 1 0 2 058 0456 1.07
18:41:30 1 0 2 065 0475 1.10
18:42:13 1 0 2 075 0787 0.70
18:42:49 1 0 2 022 1818 0.42
18:43:03 1 0 2 014 1040 0.43
18:43:11 1 2 1 000 0000 0.14
18:43:14 1 0 2 058 0564 0.61
18:44:36 1 3 1 000 0000 0.96
18:46:32 1 0 1 016 0102 0.09
18:46:50 1 0 1 063 1006 1.19
18:48:43 1 0 1 057 0570 0.73
18:49:06 1 0 1 075 0579 0.89
18:49:28 1 0 1 071 0478 0.89
18:50:31 1 0 1 060 0507 0.35
18:50:44 1 0 1 063 0472 0.97
18:52:13 1 0 1 070 0587 0.91
18:52:17 1 0 1 043 0537 0.61
18:52:28 1 0 1 051 0664 0.52
18:52:30 1 0 2 051 0907 0.55
18:52:35 1 0 2 045 0990 0.81
18:55:21 1 0 2 065 0555 0.93
18:56:46 1 0 1 064 0483 0.90
18:58:05 1 0 2 072 0548 0.74
19:00:38 1 0 1 054 0567 0.75
19:01:27 1 0 1 063 1052 0.49
19:01:49 1 0 2 062 0477 1.13
19:02:05 1 0 1 069 0454 1.08
19:05:17 1 0 1 072 0566 0.73
19:06:59 1 0 1 067 0477 1.11
19:07:55 1 0 2 067 0469 1.15
19:11:04 1 0 1 053 0565 0.74
19:12:16 1 0 2 040 0754 0.31
19:14:57 1 0 2 081 0554 0.70
19:19:29 1 0 2 069 0456 0.96
19:19:32 1 0 1 077 0670 0.38
19:19:57 1 0 2 075 0532 0.78
19:21:04 1 0 2 060 0474 1.01
19:21:36 1 0 1 050 0523 0.27
19:22:19 1 0 1 031 0478 0.96
19:24:45 1 0 2 070 0561 0.74
19:24:49 1 0 2 069 0474 0.99
19:25:10 1 0 1 062 1227 0.33
19:26:00 1 0 2 065 0560 0.75
19:29:27 1 0 2 060 0658 0.95
19:30:13 1 0 1 042 1844 0.48
19:31:29 1 0 1 084 0550 0.71
19:32:15 1 0 2 067 0539 1.40
19:33:57 1 2 2 000 0000 0.47
19:34:16 1 1 2 000 0000 0.30
19:34:17 1 0 1 083 0531 1.14
19:34:21 1 3 2 000 0000 0.48
19:34:26 1 0 2 063 0467 0.87
19:34:53 1 0 2 049 2108 0.54
19:35:24 1 0 1 073 0578 0.67
19:36:00 1 0 1 062 0552 0.59
19:37:01 1 0 1 058 0573 0.73
19:37:35 1 0 1 087 0518 1.23
19:38:17 1 0 1 053 0838 0.38
19:38:58 1 0 2 043 2204 0.36
19:39:05 1 0 2 075 0467 0.73
19:40:09 1 0 1 047 1936 0.47
19:40:14 1 0 1 045 1887 0.48
19:40:54 1 0 2 072 0573 0.68
19:41:53 1 0 1 073 0565 0.64
19:43:24 1 0 2 047 2137 0.51
19:46:19 1 0 1 101 0542 1.12
19:47:15 1 0 1 067 0504 1.17
19:47:38 1 0 2 058 0470 0.86
19:47:56 1 0 1 058 0583 0.65
19:48:40 1 0 2 059 2026 0.43
19:49:52 1 0 2 063 0433 0.91
19:50:07 1 0 2 062 0506 1.17
19:50:15 1 0 1 076 0543 1.33
19:55:12 1 0 1 080 0564 0.71
19:55:24 1 0 1 068 0481 1.10
19:55:30 1 0 2 069 0502 1.00
19:56:16 1 0 2 060 0463 0.95
19:56:52 1 0 1 088 0481 1.17
19:57:13 1 0 2 072 0514 0.86
19:57:34 1 0 1 085 0689 0.93
19:59:13 1 0 1 045 0491 0.15
19:59:42 1 0 2 073 0496 1.12
20:00:44 1 0 1 032 1999 0.63
20:03:51 1 0 2 005 1771 0.33
20:07:28 1 0 2 046 1936 0.34
20:07:29 1 0 2 045 0364 0.65
20:08:17 1 0 2 061 0531 0.68
20:08:30 1 0 2 026 1820 0.32
20:09:42 1 0 1 078 0554 0.67
20:09:42 1 0 2 089 0579 0.81
20:13:05 1 0 1 079 0579 0.88
20:13:14 1 0 1 084 0548 0.75
20:17:02 1 0 1 066 0466 1.04
20:17:18 1 0 1 078 0569 0.65
20:17:28 1 0 2 060 0468 1.03
20:19:29 1 0 1 027 1909 0.50
20:19:33 1 0 1 054 0556 0.74
20:21:20 1 0 1 087 0576 0.66
20:24:36 1 0 2 056 0440 0.87
20:25:31 1 0 1 088 0558 0.78
20:25:56 1 0 1 040 1763 0.44
20:30:19 1 0 2 014 0456 1.33
20:32:30 1 0 1 068 0558 0.66
20:33:17 1 0 1 069 0797 0.69
20:37:17 1 2 2 000 0000 0.39
20:38:25 1 3 2 000 0000 0.06
20:40:30 1 0 1 075 0536 1.19
20:41:39 1 0 1 062 0588 0.98
20:44:15 1 0 2 061 0589 0.69
20:44:52 1 0 1 037 1514 0.45
20:49:48 1 0 2 062 0541 0.74
20:53:30 1 0 1 052 0486 1.15
20:54:23 1 0 1 074 0536 1.24
20:58:28 1 0 1 016 0969 0.44
20:58:58 1 0 2 072 0457 1.10
21:04:29 1 0 2 049 0536 0.58
21:06:46 1 0 2 060 0566 0.60
21:09:31 1 0 1 040 1851 0.50
21:16:30 1 0 1 080 0572 0.63
21:20:39 1 0 2 060 0474 0.76
21:21:10 1 0 2 051 0564 0.80
21:25:28 1 0 2 063 0491 0.80
21:27:46 1 0 2 062 0490 0.90
21:28:59 1 0 1 093 0489 0.98
21:29:37 1 0 1 012 0847 0.39
21:33:56 1 0 1 047 1895 0.45
21:34:07 1 0 1 039 1962 0.42
21:34:59 1 0 1 066 0484 1.01
21:38:13 1 0 1 083 0555 0.77
21:39:27 1 0 1 075 0518 0.42
21:42:15 1 0 1 063 0581 0.88
21:43:44 1 0 1 059 0618 1.12
21:44:24 1 0 2 059 0618 0.63
21:47:28 1 0 2 074 0549 0.71
21:50:28 1 0 1 053 1262 0.51
21:51:57 1 0 2 044 2082 0.32
21:53:24 1 0 2 000 0000 0.39
21:53:49 1 0 1 059 0469 1.10
21:54:59 1 0 1 079 0571 0.71
21:55:30 1 0 2 061 0490 0.99
21:57:33 1 0 1 056 0545 0.68
21:59:40 1 0 1 024 0928 0.37
22:00:23 1 0 1 035 0478 0.97
22:03:42 1 0 1 059 0483 0.79
22:05:04 1 0 2 049 0459 1.17
22:16:20 1 0 1 050 0452 1.05
22:17:55 1 0 2 062 0543 0.76
22:25:47 1 0 2 061 0513 1.29
22:27:34 1 0 1 068 0542 1.30
22:28:07 1 0 2 055 0923 0.32
22:32:52 1 0 2 061 0504 1.09
22:48:45 1 0 1 049 0582 0.79
22:50:20 1 0 1 012 0898 0.45
22:50:28 1 0 1 056 0499 1.08
22:55:37 1 0 1 063 0458 1.01
22:59:43 1 0 1 043 1853 0.45
23:00:12 1 0 1 067 0584 0.80
23:08:39 1 0 1 048 1944 0.49
23:14:10 1 0 1 082 0522 1.11
23:15:41 1 0 1 062 0454 1.20
23:18:32 1 0 1 043 1447 0.60
23:18:42 1 0 1 048 1487 0.56
23:29:47 1 0 2 066 0535 0.46
23:31:28 1 0 1 057 0468 0.99
23:32:18 1 0 2 059 0504 1.22
23:32:55 1 0 1 037 0579 0.83
23:34:07 1 0 1 069 0486 0.85
23:46:50 1 0 1 038 1854 0.43
23:48:55 1 0 1 048 1939 0.44
23:52:08 1 0 1 031 1902 0.39
23:53:14 1 0 1 086 0497 0.93
23:54:29 1 0 2 058 0475 1.23
23:55:28 1 0 1 061 0539 1.46
23:57:47 1 0 1 061 0472 0.81
23:59:53 1 0 2 037 0545 0.55
