
Equipo         : CLASIFICADOR_ESPIRAS_02 
Lugar          : -34.8907, -57.9107      
Descripcion    : Tiro Federal sentido LP 
Fecha Inicio   : 16/12/24 12:51:33       
Archivo        : REG03322.TXT            
# Esclavos     : 1                       
    Esclavo   1: ESCLAVO 1 DEFAULT       
        VIA 1  : LP lenta                
        VIA 2  : LP rapida               
                                                                                                                         

hora (hh:mm:ss)
|        esclavo (1-2)
|        | sentido(0:mano 1:c.mano 2:A 3:B)
|        | | via (1-2)
|        | | | velocidad (Km/h)
|        | | | |   longitud (cm)
|        | | | |   |    desviacion (%)
|        | | | |   |    |
|        | | | |   |    |
|        | | | |   |    |
|        | | | |   |    |
V        V V V V   V    V
                                                                                                                                                            
12:51:33 1 0 2 096 0470 1.13
12:51:36 1 0 1 071 0582 0.97
12:51:39 1 0 2 081 0516 0.79
12:51:41 1 0 2 080 0516 1.14
12:51:42 1 0 2 082 0471 0.92
12:51:48 1 0 2 078 1240 0.76
12:51:50 1 0 1 057 0555 0.92
12:51:50 1 0 2 081 0621 1.08
12:51:55 1 0 1 066 0482 0.97
12:51:58 1 0 2 092 0512 1.34
12:52:00 1 0 1 063 0531 1.10
12:52:03 1 0 2 068 0443 0.99
12:52:10 1 0 1 065 0471 1.11
12:52:18 1 0 1 081 0459 1.10
12:52:25 1 0 2 079 0468 1.01
12:53:01 1 0 1 053 0498 1.39
12:53:04 1 0 1 055 0462 1.07
12:53:04 1 0 2 070 0500 0.97
12:53:06 1 0 2 080 0523 0.95
12:53:16 1 0 2 061 0507 1.31
12:53:16 1 0 1 064 0527 1.02
12:53:19 1 0 2 084 0500 1.02
12:53:22 1 0 2 076 0470 1.05
12:53:27 1 0 1 063 0510 1.02
12:53:29 1 0 2 082 0451 1.08
12:53:34 1 0 2 084 0461 1.16
12:53:36 1 0 1 057 0499 1.07
12:53:37 1 0 2 071 0469 0.68
12:53:43 1 0 1 066 0500 1.30
12:53:44 1 0 2 068 0446 0.99
12:53:46 1 0 2 069 0459 1.06
12:53:50 1 0 2 088 0518 1.01
12:53:50 1 0 1 069 0502 1.21
12:53:53 1 0 2 081 0495 1.21
12:53:53 1 2 1 000 0000 0.12
12:53:55 1 0 1 060 0465 1.08
12:53:58 1 0 2 072 0504 1.35
12:54:05 1 0 1 082 0563 1.08
12:54:09 1 0 2 098 0477 1.17
12:54:10 1 0 1 046 0096 0.07
12:54:22 1 0 1 045 0521 1.30
12:54:24 1 0 2 075 0492 1.00
12:54:26 1 0 1 053 0527 1.11
12:54:26 1 0 1 054 0475 1.29
12:54:27 1 0 2 079 0506 0.80
12:54:29 1 0 1 062 0463 1.18
12:54:40 1 0 2 069 0418 0.51
12:54:42 1 0 2 085 0508 1.16
12:54:44 1 0 1 052 0853 0.28
12:54:50 1 0 1 050 0486 0.96
12:54:57 1 0 1 071 0479 0.82
12:55:00 1 0 1 052 0466 1.29
12:55:02 1 0 2 075 0783 0.43
12:55:19 1 0 2 092 0483 0.69
12:55:33 1 0 2 071 0467 0.85
12:55:34 1 0 2 073 0507 1.17
12:55:36 1 0 2 065 1185 0.96
12:55:40 1 0 2 058 0406 0.15
12:55:40 1 0 1 058 0383 0.09
12:55:43 1 0 2 073 0442 0.82
12:55:44 1 0 2 059 0477 0.63
12:55:52 1 0 1 057 0437 0.69
12:55:54 1 0 1 059 0461 1.16
12:55:59 1 0 1 055 0549 0.88
12:56:01 1 0 2 073 0543 0.82
12:56:15 1 0 2 084 0470 1.06
12:56:16 1 0 2 083 0518 0.89
12:56:17 1 0 1 060 0470 1.17
12:56:19 1 0 2 085 0461 1.05
12:56:27 1 0 1 060 0511 0.96
12:56:29 1 0 2 080 0463 0.74
12:56:31 1 0 2 081 0470 1.00
12:56:33 1 0 2 079 0509 1.31
12:56:34 1 0 1 057 0467 1.13
12:56:43 1 0 1 065 0410 0.67
12:56:48 1 0 1 062 0456 1.16
12:56:50 1 0 2 068 0468 1.22
12:56:53 1 0 1 063 0594 0.81
12:56:54 1 0 2 073 0471 1.07
12:56:59 1 0 1 092 0469 1.19
12:57:00 1 0 2 076 0496 1.05
12:57:05 1 0 2 079 0470 0.98
12:57:08 1 0 1 086 0477 1.01
12:57:22 1 0 1 058 0505 1.28
12:57:24 1 0 2 081 0471 1.07
12:57:28 1 0 1 064 0468 1.14
12:57:42 1 0 1 052 0494 1.24
12:57:42 1 0 2 069 0530 1.11
12:57:45 1 0 1 053 0479 1.08
12:57:46 1 0 2 077 0508 0.65
12:57:49 1 0 2 073 1190 1.25
12:57:50 1 0 2 075 0468 1.10
12:57:50 1 0 1 052 0473 0.89
12:57:51 1 0 1 056 0522 1.21
12:57:53 1 0 2 065 0706 0.99
12:58:15 1 0 2 077 0451 0.95
12:58:17 1 0 1 059 0477 0.84
12:58:19 1 0 2 081 0491 1.00
12:58:23 1 0 1 068 0641 0.33
12:58:24 1 0 2 083 0503 1.09
12:58:34 1 0 2 085 0410 0.47
12:58:39 1 0 2 069 0590 0.79
12:58:40 1 0 2 073 0499 1.29
12:58:46 1 0 2 077 0450 1.03
12:58:48 1 0 1 059 0507 0.97
12:58:48 1 0 2 076 0454 1.05
12:58:50 1 0 2 071 0450 0.13
12:58:50 1 0 1 069 0436 0.13
12:59:09 1 0 1 061 0475 1.07
12:59:14 1 0 2 081 0479 1.05
12:59:20 1 0 1 049 0537 0.87
12:59:21 1 0 2 067 0996 0.75
12:59:22 1 0 2 067 0492 1.20
12:59:24 1 0 2 082 0500 1.08
12:59:26 1 0 1 064 0439 1.01
12:59:29 1 0 2 087 0495 0.93
12:59:34 1 0 2 078 0516 0.71
12:59:37 1 0 1 058 1244 0.76
12:59:46 1 0 1 062 0702 0.78
12:59:53 1 0 2 069 0480 0.93
12:59:54 1 0 2 067 0490 1.08
12:59:55 1 0 2 069 0451 0.97
12:59:56 1 0 1 061 0463 0.59
13:00:01 1 0 1 060 0518 1.35
13:00:05 1 0 2 068 0489 1.16
13:00:13 1 0 2 074 0512 1.04
13:00:14 1 0 2 079 0506 1.06
13:00:18 1 0 2 079 0463 1.12
13:00:19 1 0 1 060 0473 1.16
13:00:30 1 0 1 055 0524 0.89
13:00:45 1 0 2 069 0448 0.70
13:00:48 1 0 2 073 0626 0.85
13:01:01 1 0 2 075 0480 0.68
13:01:02 1 0 1 062 0451 0.97
13:01:05 1 0 1 062 0481 1.15
13:01:18 1 0 1 066 0388 0.69
13:01:20 1 0 2 075 0472 1.16
13:01:23 1 0 2 081 0491 0.90
13:01:24 1 0 2 076 0470 1.14
13:01:24 1 0 1 064 0527 1.43
13:01:33 1 0 1 066 0489 0.84
13:01:35 1 0 2 088 0335 0.22
13:01:39 1 0 2 088 0548 1.01
13:01:40 1 0 1 075 0467 0.65
13:01:44 1 0 1 074 0478 1.06
13:01:51 1 0 1 065 0508 1.12
13:02:00 1 0 2 081 0460 1.18
13:02:02 1 0 2 079 0456 1.01
13:02:04 1 0 2 077 0515 1.18
13:02:04 1 0 1 058 1479 0.50
13:02:05 1 0 2 075 0459 1.14
13:02:08 1 0 2 067 0512 1.15
13:02:08 1 0 1 086 0476 0.21
13:02:11 1 0 1 081 0486 0.78
13:02:14 1 0 2 085 0478 0.50
13:02:16 1 0 2 080 0592 0.78
13:02:20 1 0 1 050 0872 0.44
13:02:22 1 0 1 051 0489 1.01
13:02:22 1 0 2 080 0498 1.34
13:02:39 1 0 2 083 0491 1.02
13:02:41 1 0 1 058 0412 0.27
13:02:48 1 0 2 080 0576 0.48
13:02:53 1 2 1 000 0000 0.05
13:03:01 1 0 1 064 0460 0.68
13:03:02 1 0 2 079 0487 1.21
13:03:05 1 0 1 060 0435 0.97
13:03:07 1 0 2 072 0472 1.00
13:03:08 1 0 2 072 0463 0.97
13:03:09 1 0 2 072 0465 1.08
13:03:14 1 0 1 077 0498 1.17
13:03:30 1 0 1 050 0118 0.07
13:03:37 1 0 2 073 0439 1.00
13:03:38 1 0 1 057 0434 1.14
13:03:38 1 0 2 073 0499 1.16
13:03:39 1 0 1 062 0341 0.23
13:03:41 1 0 2 082 0751 0.45
13:03:44 1 0 2 083 0460 1.05
13:03:48 1 0 2 081 0474 1.01
13:03:50 1 0 1 080 0397 0.42
13:03:58 1 0 1 080 0485 0.53
13:04:00 1 0 2 087 0481 0.48
13:04:14 1 0 1 067 0442 0.99
13:04:19 1 0 2 110 0667 0.97
13:04:27 1 0 1 069 0586 0.89
13:04:29 1 0 2 082 0491 1.19
13:04:42 1 0 1 067 0454 1.06
13:04:51 1 0 2 090 0504 0.95
13:04:55 1 0 2 092 0460 1.12
13:04:59 1 0 1 059 0582 0.67
13:05:05 1 0 2 080 0477 1.06
13:05:06 1 0 2 084 0329 0.14
13:05:06 1 0 1 083 0360 0.21
13:05:13 1 0 1 064 0474 1.25
13:05:14 1 0 2 086 0479 1.05
13:05:18 1 0 1 058 0612 1.04
13:05:18 1 0 2 068 0496 1.09
13:05:19 1 0 1 058 0459 1.15
13:05:26 1 0 1 060 0460 1.15
13:05:35 1 0 2 062 0467 0.88
13:05:54 1 0 2 082 0541 1.33
13:05:55 1 0 1 082 0478 0.47
13:05:56 1 0 2 076 0511 1.19
13:05:57 1 0 1 057 0574 0.82
13:05:58 1 0 1 058 0522 1.29
13:05:59 1 0 2 072 0475 1.03
13:06:02 1 0 2 082 0473 1.20
13:06:03 1 0 2 080 0361 0.18
13:06:03 1 0 1 081 0275 0.08
13:06:04 1 0 1 065 0445 1.10
13:06:15 1 0 1 063 0450 1.00
13:06:26 1 0 2 086 0536 0.99
13:06:33 1 0 2 081 0505 1.04
13:06:38 1 0 1 069 0508 1.13
13:06:40 1 0 2 086 0517 1.04
13:06:41 1 0 1 051 0502 1.29
13:06:43 1 0 2 069 0515 1.09
13:06:43 1 0 1 063 0485 1.11
13:06:52 1 0 2 071 0453 1.10
13:06:53 1 0 1 059 0480 1.23
13:06:53 1 3 2 000 0000 0.06
13:07:01 1 0 2 100 0521 1.14
13:07:04 1 0 2 078 0503 1.12
13:07:08 1 0 2 085 0508 0.60
13:07:11 1 0 1 058 0461 0.86
13:07:15 1 0 2 080 0525 1.19
13:07:17 1 0 2 081 0470 0.85
13:07:24 1 0 2 076 0573 0.66
13:07:26 1 0 1 049 0629 1.23
13:07:26 1 0 2 061 0439 0.76
13:07:27 1 0 2 079 0495 1.05
13:07:38 1 0 2 078 0497 1.32
13:07:39 1 0 2 074 0465 0.97
13:07:47 1 0 2 103 0489 0.63
13:07:49 1 0 2 078 0430 0.69
13:07:55 1 0 2 105 0159 0.09
13:08:02 1 0 2 071 0489 1.08
13:08:03 1 0 2 075 0537 1.38
13:08:07 1 0 1 063 0475 0.43
13:08:10 1 0 1 073 0431 0.70
13:08:17 1 0 2 080 0491 1.19
13:08:19 1 0 1 072 0456 0.67
13:08:26 1 0 1 066 0488 0.91
13:08:32 1 0 2 103 0469 1.03
13:08:36 1 0 2 091 0485 1.03
13:08:40 1 0 1 059 0488 0.97
13:08:44 1 0 1 060 1262 0.83
13:08:46 1 0 2 064 0538 1.17
13:08:49 1 0 1 061 0456 1.16
13:08:52 1 0 2 073 0488 1.19
13:08:53 1 3 2 000 0000 0.08
13:08:54 1 0 1 060 1185 0.79
13:08:54 1 0 2 067 0460 0.94
13:08:55 1 0 2 065 0478 1.30
13:09:05 1 0 2 072 0480 0.87
13:09:13 1 0 2 075 0459 1.00
13:09:14 1 0 2 074 0422 0.96
13:09:15 1 0 2 083 0453 0.81
13:09:15 1 0 1 054 0497 1.00
13:09:16 1 0 1 056 0450 1.15
13:09:17 1 0 2 076 0446 1.06
13:09:18 1 0 2 072 0501 1.14
13:09:19 1 0 1 059 0499 1.04
13:09:19 1 0 2 078 0491 1.20
13:09:22 1 0 2 088 0508 1.10
13:09:22 1 0 1 064 0461 1.15
13:09:32 1 0 1 062 0568 0.70
13:09:34 1 0 2 070 0491 1.05
13:09:39 1 0 2 070 0575 0.74
13:09:42 1 0 2 089 0484 1.04
13:09:54 1 0 2 070 0447 1.12
13:09:57 1 0 2 075 0468 1.03
13:10:01 1 0 2 080 0471 1.10
13:10:06 1 0 2 072 0521 0.98
13:10:09 1 0 2 075 0460 1.15
13:10:10 1 0 1 051 0473 0.60
13:10:11 1 0 2 071 0538 1.12
13:10:27 1 0 2 064 0513 1.18
13:10:31 1 0 2 087 0470 1.10
13:10:37 1 0 2 102 0442 0.88
13:10:39 1 0 1 048 0633 0.45
13:10:39 1 0 2 080 0471 1.06
13:10:41 1 0 2 087 0498 1.32
13:10:49 1 0 2 081 0675 0.60
13:10:56 1 0 1 059 0494 1.06
13:10:56 1 0 2 077 0519 1.44
13:11:01 1 0 2 069 0500 0.94
13:11:07 1 0 1 055 0125 0.08
13:11:07 1 0 2 092 0511 1.11
13:11:18 1 0 2 079 0335 0.16
13:11:18 1 0 1 077 0301 0.12
13:11:30 1 0 1 052 0415 0.96
13:11:31 1 0 2 091 0577 1.42
13:11:40 1 0 2 086 0567 0.90
13:11:42 1 0 1 064 0411 0.77
13:11:43 1 0 2 083 0465 0.92
13:12:03 1 0 2 091 0463 0.99
13:12:06 1 0 1 061 0492 1.21
13:12:09 1 0 2 080 0492 1.17
13:12:14 1 0 2 081 0519 1.18
13:12:15 1 0 1 084 0429 0.35
13:12:17 1 0 1 064 0498 1.22
13:12:17 1 0 1 064 0563 0.85
13:12:18 1 0 2 069 0440 0.69
13:12:20 1 0 2 072 0433 0.91
13:12:20 1 0 1 071 0512 0.95
13:12:27 1 0 2 078 0516 0.99
13:12:28 1 0 1 087 0137 0.06
13:12:30 1 0 1 080 0449 0.52
13:12:40 1 0 2 081 0507 0.94
13:12:47 1 0 2 087 0470 1.01
13:12:50 1 0 1 043 0470 0.89
13:12:55 1 0 1 059 1259 0.85
13:12:56 1 0 2 092 0528 0.75
13:12:56 1 0 1 068 0358 0.27
13:12:57 1 3 2 000 0000 0.08
13:13:03 1 0 1 059 0493 0.76
13:13:05 1 0 2 075 0841 0.36
13:13:05 1 0 1 072 0531 1.13
13:13:08 1 0 1 079 0575 0.82
13:13:10 1 0 2 079 1181 1.07
13:13:11 1 0 2 079 0491 1.00
13:13:13 1 0 2 081 0502 1.15
13:13:15 1 0 2 088 0445 0.99
13:13:21 1 0 1 054 0463 1.26
13:13:22 1 0 2 074 0451 1.13
13:13:23 1 0 1 059 0463 1.17
13:13:24 1 0 2 082 0466 1.09
13:13:25 1 0 2 081 0586 0.74
13:13:25 1 0 2 081 0685 1.01
13:13:29 1 0 1 068 0473 0.37
13:13:30 1 0 2 083 0535 0.98
13:13:31 1 0 2 085 0444 0.89
13:13:37 1 0 1 059 0396 0.30
13:13:49 1 0 1 061 0495 1.08
13:13:55 1 0 2 088 0481 0.71
13:13:56 1 0 2 087 1227 0.73
13:13:56 1 0 1 055 0485 0.88
13:13:59 1 0 2 085 0472 1.12
13:14:01 1 0 1 061 0537 1.00
13:14:02 1 0 2 109 0545 1.07
13:14:21 1 0 2 071 0481 1.17
13:14:22 1 0 1 055 0422 0.70
13:14:22 1 0 2 070 0457 0.96
13:14:23 1 0 2 073 0444 1.02
13:14:24 1 0 2 075 0462 1.04
13:14:25 1 0 2 075 0424 0.96
13:14:30 1 0 1 060 0507 0.69
13:14:32 1 0 2 070 0471 1.06
13:14:35 1 0 1 060 0487 1.37
13:14:35 1 0 2 076 0486 1.01
13:14:36 1 0 2 076 0474 1.12
13:14:38 1 0 2 082 0569 0.89
13:14:46 1 0 1 072 0552 0.56
13:14:50 1 0 1 059 1165 0.77
13:14:52 1 0 2 056 0538 1.24
13:14:53 1 0 2 071 0131 0.09
13:14:56 1 0 1 052 0473 1.24
13:14:57 1 0 1 052 0448 1.15
13:15:11 1 0 1 065 0500 1.43
13:15:19 1 0 2 096 0600 0.81
13:15:21 1 0 2 084 0500 0.89
13:15:21 1 0 1 064 0477 1.07
13:15:24 1 0 1 056 0503 1.22
13:15:26 1 0 2 067 0508 1.23
13:15:26 1 0 1 055 0464 1.24
13:15:29 1 0 2 084 0449 0.99
13:15:31 1 0 1 060 0473 1.14
13:15:35 1 0 1 053 0471 0.93
13:15:39 1 0 1 073 0487 0.98
13:15:44 1 0 2 084 0496 0.86
13:15:45 1 0 2 075 0351 0.22
13:15:45 1 0 1 074 0263 0.09
13:15:48 1 0 1 077 0500 0.91
13:15:52 1 0 2 090 0495 0.95
13:15:57 1 0 2 060 0826 0.34
13:16:03 1 0 1 076 0425 0.65
13:16:06 1 0 2 081 0512 0.99
13:16:12 1 0 1 073 0465 0.74
13:16:15 1 0 2 094 0537 1.10
13:16:25 1 0 1 069 0473 1.03
13:16:33 1 0 2 059 0620 0.80
13:16:35 1 0 2 061 0466 0.92
13:16:46 1 0 2 080 0415 0.39
13:16:51 1 0 2 097 0546 0.96
13:16:52 1 0 1 066 0108 0.05
13:16:54 1 0 1 063 0445 1.09
13:16:58 1 0 1 073 0484 0.89
13:17:04 1 0 1 071 0460 0.66
13:17:05 1 0 2 094 0503 0.91
13:17:08 1 0 2 083 0812 0.71
13:17:10 1 0 1 066 0105 0.06
13:17:15 1 0 1 067 0525 1.25
13:17:25 1 0 1 085 0495 0.57
13:17:25 1 0 2 073 0531 1.01
13:17:26 1 0 1 081 0392 0.33
13:17:31 1 0 2 078 0491 0.68
13:17:34 1 0 1 057 0449 0.80
13:17:34 1 0 2 070 0563 0.74
13:17:38 1 0 1 053 0543 0.55
13:17:39 1 0 2 084 0547 0.62
13:17:52 1 0 1 063 0443 0.48
13:17:54 1 0 2 080 0830 1.01
13:18:04 1 0 2 062 0456 1.09
13:18:07 1 0 2 096 0514 0.84
13:18:16 1 0 2 088 0460 0.96
13:18:21 1 0 2 071 0511 1.09
13:18:21 1 0 1 039 1453 0.49
13:18:28 1 0 1 064 0443 1.01
13:18:33 1 0 2 081 0511 1.01
13:18:39 1 0 2 070 0465 1.04
13:18:43 1 0 2 069 0485 0.89
13:18:46 1 0 2 078 0400 0.47
13:18:49 1 0 2 065 0449 1.19
13:18:50 1 0 2 069 0469 0.81
13:18:51 1 0 2 070 0472 1.01
13:18:59 1 0 1 050 0455 0.77
13:19:00 1 0 2 073 0475 0.98
13:19:04 1 0 1 056 0536 0.98
13:19:07 1 0 1 072 0454 1.10
13:19:08 1 0 2 079 0472 1.04
13:19:11 1 0 2 079 0479 1.21
13:19:13 1 0 1 055 1220 1.36
13:19:13 1 0 2 065 0464 1.11
13:19:16 1 0 1 057 0449 1.13
13:19:18 1 0 1 059 0472 1.13
13:19:21 1 0 2 063 0484 1.10
13:19:22 1 0 2 064 0466 0.45
13:19:34 1 0 2 083 0485 0.97
13:19:37 1 0 2 069 0483 0.94
13:19:40 1 0 1 030 0883 0.86
13:19:41 1 0 2 060 0493 1.12
13:19:42 1 2 2 000 0000 0.07
13:19:52 1 0 1 056 0487 1.16
13:19:53 1 0 2 074 0488 0.96
13:19:56 1 0 2 085 0566 0.77
13:20:04 1 0 2 095 0458 0.94
13:20:05 1 0 1 070 0507 1.02
13:20:11 1 0 1 073 0494 1.08
13:20:13 1 0 2 096 0470 1.09
13:20:18 1 0 1 069 0462 1.08
13:20:22 1 0 1 072 0476 1.07
13:20:22 1 0 2 082 0449 0.94
13:20:31 1 0 1 075 0469 0.84
13:20:34 1 0 1 070 0630 1.19
13:20:34 1 0 2 090 0561 0.99
13:20:44 1 0 2 087 0489 1.04
13:20:46 1 0 1 060 0465 1.02
13:20:46 1 0 2 080 0488 1.22
13:20:49 1 0 1 055 0489 1.40
13:20:53 1 0 2 079 0511 0.96
13:20:55 1 0 2 078 0469 1.00
13:20:55 1 0 1 059 0456 1.05
13:21:02 1 0 1 057 0452 1.09
13:21:04 1 0 1 063 0492 1.36
13:21:12 1 0 2 078 0517 1.21
13:21:13 1 0 1 062 0457 1.05
13:21:21 1 0 1 050 0404 0.91
13:21:21 1 0 2 068 0480 1.06
13:21:24 1 0 2 070 0442 0.31
13:21:24 1 2 1 000 0000 0.08
13:21:38 1 0 1 061 0482 1.01
13:21:38 1 0 2 088 0508 1.20
13:21:41 1 0 2 096 0481 0.85
13:21:45 1 0 1 066 0494 1.33
13:22:03 1 0 2 100 0475 1.19
13:22:04 1 0 1 071 0780 0.26
13:22:08 1 0 2 081 0510 1.00
13:22:12 1 0 2 067 0460 1.20
13:22:16 1 0 1 051 0424 1.03
13:22:18 1 0 2 084 0494 1.13
13:22:19 1 0 1 076 0379 0.40
13:22:26 1 0 1 064 0458 1.19
13:22:33 1 0 1 071 0532 0.84
13:22:38 1 0 1 064 0456 1.14
13:22:40 1 0 1 065 0489 1.03
13:22:42 1 0 1 069 0506 1.23
13:22:44 1 0 2 074 0515 0.60
13:22:48 1 0 2 076 0506 1.